MAE: 0.15502244234085083
MSE: 0.07471781224012375
RMSE: 0.27334559122130314
R2: 0.7011216282844543
Adjusted R2: 0.6756851711171739
MAPE: 13.515958486540805
